DETOK n_absorbers=       1       2       1
EFF3      0.03000  2.937884E-005  9.999940E-001
EFF3      0.03106  5.443320E-005  9.999938E-001
EFF3      0.03216  9.639087E-005  9.999937E-001
EFF3      0.03329  1.608188E-004  9.999936E-001
EFF3      0.03447  2.580108E-004  9.999935E-001
EFF3      0.03569  4.021487E-004  9.999935E-001
EFF3      0.03695  6.100676E-004  9.999934E-001
EFF3      0.03825  8.168873E-004  9.999933E-001
EFF3      0.03960  1.189322E-003  9.999932E-001
EFF3      0.04100  1.702995E-003  9.999930E-001
EFF3      0.04245  2.400669E-003  9.999929E-001
EFF3      0.04395  3.315790E-003  9.999927E-001
EFF3      0.04550  4.492271E-003  9.999925E-001
EFF3      0.04711  6.053546E-003  9.999922E-001
EFF3      0.04877  8.212154E-003  9.999920E-001
EFF3      0.05050  1.100563E-002  9.999917E-001
EFF3      0.05228  1.446726E-002  9.999915E-001
EFF3      0.05413  1.717940E-002  9.999913E-001
EFF3      0.05604  2.111418E-002  9.999912E-001
EFF3      0.05802  2.576691E-002  9.999910E-001
EFF3      0.06007  3.099554E-002  9.999909E-001
EFF3      0.06219  3.656739E-002  9.999910E-001
EFF3      0.06438  4.229465E-002  9.999912E-001
EFF3      0.06666  4.814979E-002  9.999912E-001
EFF3      0.06901  5.468382E-002  9.999910E-001
EFF3      0.07145  6.255648E-002  9.999905E-001
EFF3      0.07397  1.082936E-003  9.999896E-001
EFF3      0.07659  8.398549E-004  9.999881E-001
EFF3      0.07929  6.233895E-004  9.999862E-001
EFF3      0.08209  4.407678E-004  9.999853E-001
EFF3      0.08499  3.036811E-004  9.999847E-001
EFF3      0.08799  2.366229E-004  9.999847E-001
EFF3      0.09110  2.224891E-004  9.999847E-001
EFF3      0.09432  2.066768E-004  9.999850E-001
EFF3      0.09765  1.900590E-004  9.999853E-001
EFF3      0.10110  2.089706E-005  9.999985E-001
EFF3      0.10467  4.715801E-005  9.999976E-001
EFF3      0.10837  2.418812E-005  9.999983E-001
EFF3      0.11220  1.687490E-005  9.999986E-001
EFF3      0.11616  1.055380E-005  9.999988E-001
EFF3      0.12026  6.888701E-006  9.999989E-001
EFF3      0.12451  5.911242E-006  9.999989E-001
EFF3      0.12891  7.223515E-006  9.999989E-001
EFF3      0.13346  8.900332E-006  9.999990E-001
EFF3      0.13818  1.671791E-005  9.999988E-001
EFF3      0.14306  2.309916E-005  9.999988E-001
EFF3      0.14811  2.809116E-005  9.999988E-001
EFF3      0.15334  3.724209E-005  9.999988E-001
EFF3      0.15876  5.504062E-005  9.999988E-001
EFF3      0.16437  6.548301E-005  9.999988E-001
EFF3      0.17017  9.023500E-005  9.999988E-001
EFF3      0.17618  1.728847E-004  9.999986E-001
EFF3      0.18241  2.966025E-004  9.999986E-001
EFF3      0.18885  5.071993E-004  9.999985E-001
EFF3      0.19552  8.401845E-004  9.999984E-001
EFF3      0.20243  1.343640E-003  9.999983E-001
EFF3      0.20958  2.071459E-003  9.999982E-001
EFF3      0.21698  3.095138E-003  9.999981E-001
EFF3      0.22464  4.521409E-003  9.999980E-001
EFF3      0.23258  6.314641E-003  9.999979E-001
EFF3      0.24079  8.625629E-003  9.999977E-001
EFF3      0.24930  1.155855E-002  9.999976E-001
EFF3      0.25810  1.529443E-002  9.999974E-001
EFF3      0.26722  1.993531E-002  9.999972E-001
EFF3      0.27666  2.649015E-002  9.999970E-001
EFF3      0.28643  3.454945E-002  9.999968E-001
EFF3      0.29655  4.413233E-002  9.999966E-001
EFF3      0.30702  5.543823E-002  9.999963E-001
EFF3      0.31787  6.847226E-002  9.999961E-001
EFF3      0.32910  8.319718E-002  9.999958E-001
EFF3      0.34072  9.952675E-002  9.999955E-001
EFF3      0.35275  1.173667E-001  9.999951E-001
EFF3      0.36521  1.360405E-001  9.999948E-001
EFF3      0.37811  1.560611E-001  9.999943E-001
EFF3      0.39147  1.772212E-001  9.999938E-001
EFF3      0.40530  1.992634E-001  9.999933E-001
EFF3      0.41961  1.245644E-001  9.999927E-001
EFF3      0.43444  1.438249E-001  9.999921E-001
EFF3      0.44978  1.648991E-001  9.999914E-001
EFF3      0.46567  1.871671E-001  9.999906E-001
EFF3      0.48212  2.105211E-001  9.999898E-001
EFF3      0.49915  2.345927E-001  9.999889E-001
EFF3      0.51678  2.593679E-001  9.999879E-001
EFF3      0.53503  2.844271E-001  9.999868E-001
EFF3      0.55393  3.095302E-001  9.999856E-001
EFF3      0.57349  3.351690E-001  9.999842E-001
EFF3      0.59375  3.613151E-001  9.999828E-001
EFF3      0.61472  3.872047E-001  9.999811E-001
EFF3      0.63644  4.125491E-001  9.999793E-001
EFF3      0.65892  4.376007E-001  9.999773E-001
EFF3      0.68219  4.614597E-001  9.999751E-001
EFF3      0.70629  4.834809E-001  9.999727E-001
EFF3      0.73123  5.048176E-001  9.999703E-001
EFF3      0.75706  5.252229E-001  9.999676E-001
EFF3      0.78380  5.447631E-001  9.999646E-001
EFF3      0.81149  5.636514E-001  9.999613E-001
EFF3      0.84015  5.815955E-001  9.999575E-001
EFF3      0.86983  5.983970E-001  9.999534E-001
EFF3      0.90055  6.141529E-001  9.999488E-001
EFF3      0.93236  6.291795E-001  9.999434E-001
EFF3      0.96529  6.433397E-001  9.999374E-001
EFF3      0.99939  6.566113E-001  9.999307E-001
EFF3      1.03469  6.690018E-001  9.999233E-001
EFF3      1.07124  6.808584E-001  9.999151E-001
EFF3      1.10907  6.920699E-001  9.999064E-001
EFF3      1.14825  7.026315E-001  9.998974E-001
EFF3      1.18881  7.128492E-001  9.998875E-001
EFF3      1.23080  7.228314E-001  9.998766E-001
EFF3      1.27427  7.326680E-001  9.998647E-001
EFF3      1.31928  7.424459E-001  9.998515E-001
EFF3      1.36588  7.522192E-001  9.998371E-001
EFF3      1.41413  7.620216E-001  9.998212E-001
EFF3      1.46408  7.718903E-001  9.998036E-001
EFF3      1.51579  7.819657E-001  9.997841E-001
EFF3      1.56933  6.146811E-001  9.997622E-001
EFF3      1.62476  6.349984E-001  9.997381E-001
EFF3      1.68215  6.548607E-001  9.997115E-001
EFF3      1.74157  6.743745E-001  9.996820E-001
EFF3      1.80308  6.939348E-001  9.996484E-001
EFF3      1.86677  5.855189E-001  9.834766E-001
EFF3      1.93271  6.000770E-001  9.837593E-001
EFF3      2.00098  6.137667E-001  9.840519E-001
EFF3      2.07165  6.267655E-001  9.843566E-001
EFF3      2.14483  6.392050E-001  9.846772E-001
EFF3      2.22059  6.509694E-001  9.850119E-001
EFF3      2.29902  6.620683E-001  9.853594E-001
EFF3      2.38023  6.725514E-001  9.857198E-001
EFF3      2.46430  6.824636E-001  9.860922E-001
EFF3      2.55135  6.918744E-001  9.864759E-001
EFF3      2.64147  7.008543E-001  9.868701E-001
EFF3      2.73477  7.094927E-001  9.872740E-001
EFF3      2.83136  7.178798E-001  9.876864E-001
EFF3      2.93137  7.261133E-001  9.881064E-001
EFF3      3.03491  7.342799E-001  9.885323E-001
EFF3      3.14211  7.424663E-001  9.889629E-001
EFF3      3.25310  7.507424E-001  9.893965E-001
EFF3      3.36800  7.591684E-001  9.898315E-001
EFF3      3.48697  7.677788E-001  9.902663E-001
EFF3      3.61013  7.765968E-001  9.906990E-001
EFF3      3.73765  7.856200E-001  9.911278E-001
EFF3      3.86967  7.948317E-001  9.915508E-001
EFF3      4.00635  8.041995E-001  9.919662E-001
EFF3      4.14787  8.136807E-001  9.923723E-001
EFF3      4.29438  8.232184E-001  9.927670E-001
EFF3      4.44606  8.327564E-001  9.931488E-001
EFF3      4.60311  8.422352E-001  9.935161E-001
EFF3      4.76569  8.515944E-001  9.938674E-001
EFF3      4.93403  8.607727E-001  9.942009E-001
EFF3      5.10831  8.697247E-001  9.945159E-001
EFF3      5.28874  8.783997E-001  9.948106E-001
EFF3      5.47555  8.867590E-001  9.950843E-001
EFF3      5.66896  8.947733E-001  9.953359E-001
EFF3      5.86919  9.024132E-001  9.955645E-001
EFF3      6.07651  9.096661E-001  9.957693E-001
EFF3      6.29114  9.165143E-001  9.959492E-001
EFF3      6.51335  9.229575E-001  9.961027E-001
EFF3      6.74342  9.289865E-001  9.962263E-001
EFF3      6.98161  9.346018E-001  9.963126E-001
EFF3      7.22821  9.397948E-001  9.963451E-001
EFF3      7.48352  9.445450E-001  9.962912E-001
EFF3      7.74786  9.488069E-001  9.960905E-001
EFF3      8.02153  9.524981E-001  9.956428E-001
EFF3      8.30486  9.554838E-001  9.947935E-001
EFF3      8.59820  9.575673E-001  9.933244E-001
EFF3      8.90191  9.584841E-001  9.909492E-001
EFF3      9.21634  9.579075E-001  9.873209E-001
EFF3      9.54188  9.554657E-001  9.820484E-001
EFF3      9.87891  9.507653E-001  9.747202E-001
EFF3     10.22786  9.434246E-001  9.649405E-001
EFF3     10.58912  9.331102E-001  9.523647E-001
EFF3     10.96315  9.195647E-001  9.367259E-001
EFF3     11.35039  9.026305E-001  9.178594E-001
EFF3     11.75130  8.822730E-001  8.957254E-001
EFF3     12.16638  8.585697E-001  8.703961E-001
EFF3     12.59612  8.317258E-001  8.420722E-001
EFF3     13.04104  8.020310E-001  8.110383E-001
EFF3     13.50167  7.698695E-001  7.776728E-001
EFF3     13.97857  7.356728E-001  7.424004E-001
EFF3     14.47233  6.999114E-001  7.056845E-001
EFF3     14.98352  6.630610E-001  6.679926E-001
EFF3     15.51276  6.255922E-001  6.297865E-001
EFF3     16.06070  5.879432E-001  5.914955E-001
EFF3     16.62799  5.505183E-001  5.535148E-001
EFF3     17.21532  5.136754E-001  5.161936E-001
EFF3     17.82340  4.777186E-001  4.798272E-001
EFF3     18.45296  4.429064E-001  4.446661E-001
EFF3     19.10475  4.094430E-001  4.109067E-001
EFF3     19.77957  3.774737E-001  3.786875E-001
EFF3     20.47821  3.471216E-001  3.481253E-001
EFF3     21.20155  3.185010E-001  3.193290E-001
EFF3     21.95042  2.916402E-001  2.923217E-001
EFF3     22.72575  2.665403E-001  2.671002E-001
EFF3     23.52847  2.431743E-001  2.436332E-001
EFF3     24.35953  2.215006E-001  2.218762E-001
EFF3     25.21996  2.014611E-001  2.017680E-001
EFF3     26.11078  1.829851E-001  1.832355E-001
EFF3     27.03305  1.659973E-001  1.662013E-001
EFF3     27.98791  1.504144E-001  1.505803E-001
EFF3     28.97649  1.361491E-001  1.362839E-001
EFF3     30.00000  1.231153E-001  1.232248E-001
