0.03000  3.67229E-005
0.03179  1.00483E-004
0.03369  2.37377E-004
0.03571  5.06321E-004
0.03784  9.04394E-004
0.04010  1.69611E-003
0.04250  3.03452E-003
0.04504  5.14535E-003
0.04773  8.48632E-003
0.05058  1.39540E-002
0.05361  2.06921E-002
0.05681  2.85922E-002
0.06021  3.91895E-002
0.06380  5.11063E-002
0.06762  6.34494E-002
0.07166  7.91467E-002
0.07594  1.12002E-003
0.08048  6.68591E-004
0.08529  3.64285E-004
0.09039  2.82288E-004
0.09579  2.49242E-004
0.10152  2.78700E-005
0.10758  3.33765E-005
0.11401  1.82482E-005
0.12083  8.31304E-006
0.12805  8.74582E-006
0.13570  1.57248E-005
0.14381  2.94012E-005
0.15241  4.14818E-005
0.16152  7.51925E-005
0.17117  1.23528E-004
0.18140  3.39110E-004
0.19224  8.24977E-004
0.20373  1.82463E-003
0.21591  3.65965E-003
0.22881  6.76571E-003
0.24248  1.14534E-002
0.25698  1.84733E-002
0.27234  2.91363E-002
0.28861  4.56369E-002
0.30586  6.76489E-002
0.32414  9.57009E-002
0.34351  1.29489E-001
0.36404  1.67865E-001
0.38580  2.10262E-001
0.40886  2.56168E-001
0.43330  1.77888E-001
0.45919  2.22552E-001
0.48664  2.71149E-001
0.51572  3.22361E-001
0.54654  3.74758E-001
0.57921  4.28256E-001
0.61383  4.82635E-001
0.65051  5.35459E-001
0.68939  5.85291E-001
0.73059  6.30308E-001
0.77426  6.72353E-001
0.82053  7.11787E-001
0.86957  7.47680E-001
0.92154  7.79978E-001
0.97662  8.09211E-001
1.03499  8.34853E-001
1.09685  8.57495E-001
1.16240  8.76903E-001
1.23188  8.93794E-001
1.30550  9.08478E-001
1.38352  9.21204E-001
1.46621  9.32195E-001
1.55384  9.41925E-001
1.64671  7.57259E-001
1.74513  7.85171E-001
1.84943  7.26748E-001
1.95996  7.57041E-001
2.07710  7.84534E-001
2.20124  8.09867E-001
2.33280  8.32755E-001
2.47222  8.53295E-001
2.61998  8.71617E-001
2.77657  8.87886E-001
2.94251  9.02264E-001
3.11837  9.14926E-001
3.30475  9.26038E-001
3.50226  9.35759E-001
3.71158  9.44240E-001
3.93340  9.51613E-001
4.16849  9.58001E-001
4.41762  9.63512E-001
4.68165  9.68243E-001
4.96145  9.72277E-001
5.25798  9.75687E-001
5.57223  9.78534E-001
5.90526  9.80871E-001
6.25819  9.82741E-001
6.63222  9.84175E-001
7.02861  9.85181E-001
7.44868  9.85708E-001
7.89386  9.85551E-001
8.36564  9.84210E-001
8.86563  9.80743E-001
9.39549  9.73728E-001
9.95703  9.61412E-001
10.55212  9.42057E-001
11.18278  9.14350E-001
11.85113  8.77733E-001
12.55943  8.32544E-001
13.31006  7.79954E-001
14.10556  7.21744E-001
14.94859  6.59993E-001
15.84201  5.96823E-001
16.78883  5.34150E-001
17.79223  4.73574E-001
18.85561  4.16309E-001
19.98254  3.63170E-001
21.17682  3.14713E-001
22.44248  2.71183E-001
23.78378  2.32520E-001
25.20525  1.98513E-001
26.71167  1.68848E-001
28.30813  1.43149E-001
30.00000  1.21016E-001
