0.03000   3.67229E-005   9.99977E-001
0.03133   7.89242E-005   9.99976E-001
0.03272   1.57055E-004   9.99975E-001
0.03418   2.87988E-004   9.99975E-001
0.03569   5.04038E-004   9.99975E-001
0.03728   8.11453E-004   9.99974E-001
0.03893   1.23944E-003   9.99974E-001
0.04066   1.95709E-003   9.99973E-001
0.04247   3.01337E-003   9.99972E-001
0.04435   4.49898E-003   9.99971E-001
0.04632   6.54495E-003   9.99970E-001
0.04838   9.56105E-003   9.99969E-001
0.05053   1.38303E-002   9.99968E-001
0.05277   1.94030E-002   9.99967E-001
0.05512   2.38936E-002   9.99966E-001
0.05756   3.08196E-002   9.99965E-001
0.06012   3.89100E-002   9.99965E-001
0.06279   4.77848E-002   9.99965E-001
0.06558   5.65447E-002   9.99966E-001
0.06849   6.64828E-002   9.99965E-001
0.07153   7.85496E-002   9.99963E-001
0.07470   1.26304E-003   9.99958E-001
0.07802   9.01058E-004   9.99950E-001
0.08149   5.93084E-004   9.99944E-001
0.08510   3.73806E-004   9.99940E-001
0.08888   2.90839E-004   9.99940E-001
0.09283   2.67569E-004   9.99941E-001
0.09695   2.41973E-004   9.99943E-001
0.10126   2.57735E-005   9.99994E-001
0.10575   4.80180E-005   9.99992E-001
0.11045   2.58770E-005   9.99994E-001
0.11535   1.50974E-005   9.99995E-001
0.12047   8.49848E-006   9.99996E-001
0.12582   7.86723E-006   9.99996E-001
0.13141   9.69134E-006   9.99996E-001
0.13725   1.93009E-005   9.99995E-001
0.14334   2.90713E-005   9.99995E-001
0.14970   3.87559E-005   9.99995E-001
0.15635   6.31412E-005   9.99995E-001
0.16329   7.86776E-005   9.99995E-001
0.17054   1.16711E-004   9.99995E-001
0.17812   2.57080E-004   9.99994E-001
0.18603   5.04565E-004   9.99994E-001
0.19429   9.60460E-004   9.99994E-001
0.20291   1.73266E-003   9.99993E-001
0.21192   2.95466E-003   9.99993E-001
0.22133   4.81346E-003   9.99992E-001
0.23116   7.45506E-003   9.99992E-001
0.24142   1.10295E-002   9.99991E-001
0.25214   1.58638E-002   9.99990E-001
0.26334   2.22938E-002   9.99989E-001
0.27503   3.15822E-002   9.99989E-001
0.28725   4.40927E-002   9.99988E-001
0.30000   5.96296E-002   9.99986E-001
0.31332   7.85612E-002   9.99985E-001
0.32723   1.00846E-001   9.99984E-001
0.34176   1.26296E-001   9.99982E-001
0.35694   1.54683E-001   9.99981E-001
0.37279   1.84629E-001   9.99979E-001
0.38934   2.17285E-001   9.99976E-001
0.40663   2.51722E-001   9.99974E-001
0.42468   1.63851E-001   9.99971E-001
0.44354   1.95296E-001   9.99968E-001
0.46323   2.29645E-001   9.99964E-001
0.48380   2.66132E-001   9.99960E-001
0.50528   3.04055E-001   9.99955E-001
0.52772   3.43098E-001   9.99950E-001
0.55115   3.82340E-001   9.99945E-001
0.57563   4.22431E-001   9.99938E-001
0.60118   4.63302E-001   9.99931E-001
0.62788   5.03350E-001   9.99923E-001
0.65576   5.42677E-001   9.99913E-001
0.68488   5.79979E-001   9.99902E-001
0.71529   6.14108E-001   9.99891E-001
0.74705   6.46835E-001   9.99878E-001
0.78022   6.77710E-001   9.99865E-001
0.81486   7.07230E-001   9.99848E-001
0.85104   7.34833E-001   9.99830E-001
0.88883   7.60201E-001   9.99809E-001
0.92830   7.83849E-001   9.99784E-001
0.96952   8.05727E-001   9.99754E-001
1.01257   8.25630E-001   9.99721E-001
1.05753   8.43593E-001   9.99683E-001
1.10448   8.59974E-001   9.99642E-001
1.15352   8.74492E-001   9.99598E-001
1.20474   8.87590E-001   9.99549E-001
1.25824   8.99392E-001   9.99494E-001
1.31411   9.10014E-001   9.99431E-001
1.37246   9.19553E-001   9.99361E-001
1.43340   9.28097E-001   9.99282E-001
1.49704   9.35790E-001   9.99193E-001
1.56352   7.29925E-001   9.99090E-001
1.63294   7.52998E-001   9.98972E-001
1.70545   7.74368E-001   9.98840E-001
1.78117   7.94593E-001   9.98687E-001
1.86026   7.29934E-001   9.83353E-001
1.94286   7.52662E-001   9.83697E-001
2.02913   7.73672E-001   9.84056E-001
2.11923   7.93571E-001   9.84434E-001
2.21333   8.12131E-001   9.84834E-001
2.31161   8.29313E-001   9.85252E-001
2.41425   8.45173E-001   9.85689E-001
2.52144   8.59760E-001   9.86141E-001
2.63340   8.73130E-001   9.86607E-001
2.75033   8.85359E-001   9.87085E-001
2.87246   8.96513E-001   9.87573E-001
3.00000   9.06667E-001   9.88067E-001
3.13321   9.15890E-001   9.88565E-001
3.27233   9.24253E-001   9.89062E-001
3.41763   9.31823E-001   9.89555E-001
3.56938   9.38663E-001   9.90040E-001
3.72787   9.44834E-001   9.90512E-001
3.89340   9.50390E-001   9.90966E-001
4.06627   9.55383E-001   9.91398E-001
4.24683   9.59860E-001   9.91802E-001
4.43540   9.63864E-001   9.92174E-001
4.63234   9.67435E-001   9.92509E-001
4.83803   9.70607E-001   9.92801E-001
5.05285   9.73413E-001   9.93047E-001
5.27721   9.75882E-001   9.93240E-001
5.51153   9.78037E-001   9.93376E-001
5.75626   9.79902E-001   9.93449E-001
6.01185   9.81496E-001   9.93454E-001
6.27879   9.82834E-001   9.93385E-001
6.55758   9.83929E-001   9.93234E-001
6.84876   9.84786E-001   9.92989E-001
7.15286   9.85396E-001   9.92624E-001
7.47046   9.85719E-001   9.92084E-001
7.80217   9.85656E-001   9.91258E-001
8.14861   9.85012E-001   9.89939E-001
8.51043   9.83462E-001   9.87789E-001
8.88831   9.80521E-001   9.84316E-001
9.28298   9.75559E-001   9.78880E-001
9.69517   9.67841E-001   9.70737E-001
10.12566   9.56605E-001   9.59122E-001
10.57526   9.41169E-001   9.43345E-001
11.04483   9.21018E-001   9.22889E-001
11.53525   8.95880E-001   8.97478E-001
12.04744   8.65774E-001   8.67130E-001
12.58238   8.30995E-001   8.32138E-001
13.14107   7.92081E-001   7.93037E-001
13.72457   7.49773E-001   7.50567E-001
14.33397   7.04918E-001   7.05573E-001
14.97044   6.58413E-001   6.58949E-001
15.63516   6.11145E-001   6.11581E-001
16.32940   5.63934E-001   5.64287E-001
17.05447   5.17506E-001   5.17789E-001
17.81173   4.72460E-001   4.72687E-001
18.60262   4.29289E-001   4.29470E-001
19.42862   3.88355E-001   3.88497E-001
20.29130   3.49896E-001   3.50008E-001
21.19229   3.14135E-001   3.14223E-001
22.13328   2.81138E-001   2.81207E-001
23.11606   2.50888E-001   2.50942E-001
24.14247   2.23316E-001   2.23358E-001
25.21446   1.98313E-001   1.98346E-001
26.33404   1.75741E-001   1.75767E-001
27.50334   1.55446E-001   1.55466E-001
28.72456   1.37260E-001   1.37275E-001
30.00000   1.21016E-001   1.21027E-001
